0.242398
0.262598
0.277748
0.302998
0.333297
0.348447
0.368647
0.373697
0.383797
0.409046
0.444396
0.459546
0.484796
0.520145
0.565595
0.651444
0.782742
0.873641
0.898891
0.929191
0.94434
0.94939
0.94939
0.939291
0.934241
0.934241
0.929191
0.919091
0.878691
0.848392
0.823142
0.807992
0.782742
0.767592
0.747393
0.727193
0.717093
0.706993
0.701943
0.706993
0.706993
0.706993
0.706993
0.712043
0.712043
0.717093
0.722143
0.722143
0.727193
0.732243
0.732243
0.737293
0.742343
0.747393
0.752443
0.752443
0.757493
0.772642
0.777692
0.777692
0.777692
0.777692
0.782742
0.782742
0.782742
0.782742
0.782742
0.787792
0.787792
0.787792
0.792842
0.792842
0.792842
0.792842
0.797892
0.797892
0.797892
0.802942
0.802942
0.807992
0.813042
0.813042
0.828192
0.828192
0.833242
0.833242
0.833242
0.833242
0.833242
0.833242
0.833242
0.833242
0.833242
0.833242
0.833242
0.833242
0.833242
0.833242
0.833242
0.833242
0.830717
0.828192
0.823142
0.818092
0.813042
0.807992
0.802942
0.795367
0.787792
0.782742
0.777692
0.776009
0.774326
0.772642
0.767592
0.762542
0.760859
0.759176
0.757493
0.754126
0.750759
0.747393
0.744868
0.742343
0.742343
0.742343
0.742343
0.739818
0.737293
0.732243
0.727193
0.727193
0.727193
0.727193
0.727193
0.727193
0.727193
0.727193
0.727193
0.727193
0.727193
0.727193
0.727193
0.727193
0.727193
0.727193
0.727193
0.727193
0.727193
0.727193
0.727193
0.727193
0.727193
0.727193
0.727193
0.727193
0.729718
0.732243
0.734768
0.737293
0.739818
0.742343
0.742343
0.742343
0.742343
0.742343
0.742343
0.742343
0.742343
0.742343
0.742343
0.742343
0.742343
0.742343
0.742343
0.742343
0.742343
0.742343
0.742343
0.742343
0.742343
0.742343
0.742343
0.742343
0.742343
0.742343
0.742343
0.742343
0.742343
0.742343
0.742343
0.742343
0.742343
0.742343
0.742343
0.740659
0.738976
0.737293
0.737293
0.737293
0.737293
0.737293
0.737293
0.737293
0.737293
0.737293
0.737293
0.737293
0.737293
0.737293
0.737293
0.737293
0.737293
0.737293
0.737293
0.737293
0.737293
0.742343
0.742343
0.742343
0.742343
0.747393
0.752443
0.752443
0.762542
0.762542
0.767592
0.767592
0.772642
0.772642
0.772642
0.772642
0.772642
0.772642
0.772642
0.772642
0.772642
0.772642
0.772642
0.772642
0.767592
0.767592
0.767592
0.767592
0.767592
0.767592
0.767592
0.767592
0.767592
0.767592
0.767592
0.767592
0.767592
0.767592
0.742343
