1.40537e-06
1.40537e-06
0.217149
0.525196
0.681744
0.722144
0.580745
0.414097
0.207049
0.101001
0.0858507
0.0454511
0.0252513
0.388847
0.0202014
0.0151514
0.0151514
0.0101015
0.444397
0.454497
0.464597
0.297949
0.0101015
0.0101015
0.0101015
0.378747
0.368647
0.0101015
0.0252513
0.0303013
0.1515
0.277749
0.323199
0.373698
0.414098
0.489847
0.510047
0.560546
0.626195
0.575696
0.171699
0.181799
0.186849
0.600944
0.550445
0.525195
0.479746
0.469646
0.540345
0.469646
0.393897
0.287848
0.247449
0.247449
0.323198
0.429246
0.520145
0.641344
0.661544
0.287848
0.308048
0.328248
0.383797
0.717093
0.914042
0.914042
0.924142
0.939292
0.964541
0.974641
0.949391
0.929192
0.883742
0.833243
0.782743
0.727194
0.641345
0.540346
0.424197
0.308048
0.257549
0.171699
0.14645
0.1313
0.11615
0.1111
0.196949
0.308048
0.479746
0.510046
0.757493
0.757493
0.762543
0.762543
0.762543
0.767593
0.772643
0.777693
0.777693
0.777693
0.777693
0.777693
0.777693
0.772643
0.767593
0.757493
0.757493
0.797893
0.797893
0.797893
0.797893
0.797893
0.797893
0.797893
0.797893
0.797893
0.797893
0.797893
0.797893
0.797893
0.797893
0.797893
0.797893
0.797893
0.797893
0.797893
0.797893
0.797893
0.797893
0.797893
0.797893
0.797893
0.797893
0.797893
0.797893
0.797893
0.797893
0.797893
0.797893
0.797893
0.797893
0.797893
0.797893
0.797893
0.797893
0.797893
0.797893
0.797893
0.802943
0.807993
0.807993
0.807993
0.807993
0.807993
0.807993
0.807993
0.807993
0.807993
0.807993
0.807993
0.807993
0.807993
0.807993
0.807993
0.807993
0.807993
0.807993
0.807993
0.807993
0.807993
0.807993
0.807993
0.807993
0.807993
0.807993
0.807993
0.807993
0.807993
0.807993
0.807993
0.807993
0.807993
0.807993
0.807993
0.807993
0.807993
0.807993
0.807993
0.807993
0.807993
0.807993
0.813043
0.813043
0.813043
0.813043
0.813043
0.813043
0.813043
0.813043
0.810518
0.807993
0.80631
0.804626
0.802943
0.800418
0.797893
0.795368
0.792843
0.792843
0.792843
0.790318
0.787793
0.787793
0.787793
0.785268
0.782743
0.777693
0.777693
0.777693
0.777693
0.777693
0.777693
0.777693
0.777693
0.777693
0.777693
0.777693
0.777693
0.777693
0.777693
0.777693
0.772643
0.772643
0.772643
0.772643
0.772643
0.772643
0.772643
0.772643
0.772643
0.772643
0.772643
0.772643
0.777693
0.777693
0.777693
0.777693
0.777693
0.777693
0.777693
0.777693
0.777693
0.772643
0.767593
0.762543
