0.0555507
0.0959503
0.11615
0.1616
0.191899
0.217149
0.277748
0.302998
0.328248
0.358548
0.383797
0.398947
0.414097
0.419147
0.434297
0.449446
0.449446
0.449446
0.403997
0.393897
0.373697
0.358547
0.353497
0.348448
0.368647
0.383797
0.403997
0.434297
0.469646
0.494896
0.585795
0.722144
0.777693
0.853442
0.893842
0.929192
0.949391
0.949391
0.919091
0.863542
0.762543
0.732243
0.656494
0.661544
0.525195
0.474696
0.444396
0.429247
0.424197
0.414097
0.409047
0.403997
0.398947
0.393897
0.388847
0.388847
0.388847
0.388847
0.398947
0.414097
0.429247
0.459546
0.474696
0.489846
0.504996
0.525195
0.540345
0.555495
0.570645
0.575695
0.590845
0.590845
0.590845
0.590845
0.590845
0.590845
0.590845
0.590845
0.590845
0.590845
0.590845
0.590845
0.590845
0.590845
0.595895
0.605995
0.611045
0.611045
0.611045
0.611045
0.611045
0.611045
0.611045
0.611045
0.611045
0.611045
0.616094
0.626194
0.611045
0.611045
0.616095
0.626194
0.626194
0.626194
0.628719
0.631244
0.631244
0.631244
0.632928
0.634611
0.636294
0.637978
0.639661
0.641344
0.643028
0.644711
0.646394
0.649761
0.653127
0.656494
0.658177
0.659861
0.661544
0.664911
0.668277
0.671644
0.675011
0.678377
0.681744
0.683006
0.684269
0.685531
0.686794
0.690581
0.694369
0.698156
0.701944
0.703964
0.705984
0.708004
0.710024
0.712044
0.712044
0.712044
0.712044
0.712044
0.712044
0.712044
0.712044
0.712044
0.712044
0.712044
0.712044
0.712044
0.712044
0.712044
0.713306
0.714568
0.715831
0.717093
0.718103
0.719113
0.720123
0.721133
0.722143
0.723406
0.724668
0.725931
0.727193
0.727193
0.727193
0.727193
0.727193
0.727193
0.727193
0.727193
0.727193
0.727193
0.727193
0.727193
0.727193
0.727193
0.727193
0.727193
0.727193
0.727193
0.727193
0.727193
0.727193
0.727193
0.727193
0.727193
0.727193
0.727193
0.727193
0.727193
0.727193
0.727193
0.727193
0.727193
0.727193
0.727193
0.727193
0.727193
0.727193
0.727193
0.727193
0.727193
0.727193
0.727193
0.727193
0.727193
0.727193
0.727193
0.729718
0.732243
0.732243
0.732243
0.734768
0.737293
0.742343
0.744868
0.747393
0.752443
0.757493
0.759176
0.76086
0.762543
0.764226
0.76591
0.767593
0.770118
0.772643
0.775168
0.777693
0.780218
0.782743
0.782743
0.782743
0.792843
0.792843
0.792843
0.802943
0.807992
0.818092
0.818092
0.828192
0.833242
0.833242
0.833242
0.833242
0.833242
0.833242
0.828192
0.797893
