0.585793
0.636293
0.661543
0.605994
0.580744
0.611044
0.474695
0.525194
0.504995
0.464595
0.510045
0.661543
0.722142
0.752442
0.757492
0.701943
0.732243
0.732243
0.797892
0.600944
0.575694
0.676693
0.696893
0.671643
0.429245
0.565594
0.621144
0.691843
0.767592
0.833242
0.863541
0.616094
0.136349
0.95444
0.95444
0.95444
0.95444
0.95444
0.95444
0.95444
0.95444
0.95444
0.95444
0.95444
0.95444
0.95444
0.95444
0.95444
0.95444
0.95444
0.95444
0.95444
0.95444
0.95444
0.94434
0.93424
0.92919
0.92919
0.92414
0.91909
0.90899
0.90394
0.89384
0.88879
0.883741
0.88879
0.88879
0.88879
0.88879
0.88879
0.883741
0.883741
0.873641
0.868591
0.858491
0.848391
0.843341
0.833241
0.828191
0.823141
0.823141
0.823141
0.823141
0.823141
0.823141
0.823141
0.818091
0.813041
0.802941
0.797891
0.787792
0.782742
0.777692
0.767592
0.762542
0.762542
0.762542
0.762542
0.762542
0.762542
0.762542
0.762542
0.762542
0.762542
0.762542
0.762542
0.767592
0.777692
0.782742
0.792842
0.802941
0.807991
0.813041
0.818091
0.818091
0.807991
0.802941
0.787792
0.777692
0.762542
0.752442
0.752442
0.747392
0.747392
0.747392
0.747392
0.742342
0.737292
0.722142
0.706993
0.696893
0.686793
0.681743
0.676693
0.671643
0.671645
0.674169
0.676694
0.676694
0.676694
0.676694
0.676694
0.676694
0.676694
0.676694
0.676694
0.676694
0.676694
0.676694
0.676694
0.676694
0.676694
0.676694
0.676694
0.676694
0.676694
0.676694
0.676694
0.676694
0.676694
0.676694
0.676694
0.676694
0.676694
0.676694
0.676694
0.676694
0.676694
0.676694
0.674169
0.671645
0.66912
0.666595
0.666595
0.666595
0.666595
0.666595
0.666595
0.66407
0.661545
0.65902
0.656495
0.653128
0.649761
0.646395
0.643028
0.639662
0.636295
0.63377
0.631245
0.629562
0.627878
0.626195
0.62367
0.621145
0.621145
0.621145
0.621145
0.621145
0.621145
0.621145
0.621145
0.621145
0.621145
0.621145
0.631245
0.636295
0.63882
0.641345
0.646395
0.651445
0.656495
0.661545
0.666595
0.673328
0.680061
0.686794
0.691844
0.696894
0.701944
0.706994
0.712044
0.717094
0.719619
0.722144
0.722144
0.722144
0.722144
0.722144
0.722144
0.722144
0.722144
0.722144
0.722144
0.722144
0.722144
0.722144
0.722144
0.722144
0.722144
0.722144
0.722144
0.722144
0.722144
0.722144
0.719619
0.717094
0.717094
0.712044
0.712044
0.706994
0.701944
0.701944
0.696894
0.696894
