0.12625
0.262598
0.398947
0.530246
0.0656504
0.0707004
0.0757503
0.0808003
0.605995
0.0858502
0.0858502
0.0858502
0.0858502
0.449446
0.0858502
0.0858502
0.0858502
0.0858502
0.616095
0.631245
0.0858502
0.0858502
0.0858502
0.0858502
0.0858502
0.0909002
0.0909002
0.595895
0.671644
0.621144
0.656494
0.11615
0.11615
0.1212
0.1313
0.1313
0.161599
0.171699
0.181799
0.201999
0.212099
0.227249
0.237349
0.247449
0.257548
0.550446
0.656494
0.777692
0.818092
0.858492
0.878692
0.903941
0.888792
0.797893
0.732243
0.600945
0.636294
0.656494
0.656494
0.656494
0.671644
0.686794
0.701944
0.712043
0.717093
0.727193
0.737293
0.742343
0.752443
0.752443
0.752443
0.757493
0.757493
0.757493
0.772643
0.772643
0.772643
0.772643
0.772643
0.767593
0.767593
0.767593
0.767593
0.767593
0.762543
0.757493
0.757493
0.752443
0.747393
0.747393
0.747393
0.747393
0.752443
0.757493
0.767593
0.772643
0.772643
0.772643
0.772643
0.772643
0.767593
0.762543
0.762543
0.762543
0.762543
0.762543
0.762543
0.813042
0.813042
0.813042
0.813042
0.813042
0.813042
0.813042
0.813042
0.813042
0.813042
0.813042
0.807992
0.805467
0.802942
0.802942
0.800417
0.797892
0.797892
0.797892
0.797892
0.797892
0.792843
0.792843
0.787793
0.787793
0.787793
0.787793
0.787793
0.787793
0.787793
0.787793
0.787793
0.787793
0.787793
0.787793
0.782743
0.777693
0.774326
0.770959
0.767593
0.762543
0.752443
0.742343
0.737293
0.732243
0.727193
0.722143
0.717093
0.712043
0.706993
0.701944
0.696894
0.693527
0.69016
0.686794
0.683427
0.68006
0.676694
0.672654
0.668614
0.664574
0.660534
0.656494
0.654811
0.653127
0.651444
0.649761
0.648077
0.646394
0.646394
0.646394
0.646394
0.646394
0.646394
0.646394
0.646394
0.646394
0.646394
0.645132
0.643869
0.642607
0.641344
0.641344
0.641344
0.641344
0.641344
0.641344
0.641344
0.641344
0.640082
0.638819
0.637557
0.636294
0.634274
0.632254
0.630234
0.628214
0.626194
0.626194
0.626194
0.626194
0.626194
0.626194
0.626194
0.626194
0.626194
0.626194
0.626194
0.626194
0.626194
0.626194
0.626194
0.626194
0.626194
0.626194
0.626194
0.626194
0.626194
0.626194
0.626194
0.626194
0.626194
0.626194
0.626194
0.626194
0.626194
0.626194
0.626194
0.626194
0.626194
0.626194
0.626194
0.626194
0.626194
0.626194
0.626194
0.626194
0.626194
0.626194
0.626194
0.631244
0.636294
0.643869
0.651444
0.656494
0.661544
0.671644
0.727193
