0.267648
0.328247
0.484795
0.555495
0.560544
0.656493
0.348447
0.409046
0.459546
0.520145
0.555495
0.666593
0.712043
0.717093
0.818092
0.823142
0.843341
0.818092
0.787792
0.737293
0.696893
0.661543
0.626194
0.595894
0.585794
0.575694
0.570644
0.570644
0.570644
0.772643
0.732243
0.752443
0.767593
0.651443
0.621144
0.595894
0.565594
0.545395
0.520145
0.510045
0.510045
0.504995
0.504995
0.504995
0.504995
0.504995
0.499945
0.499945
0.499945
0.489845
0.474695
0.469645
0.479745
0.479745
0.479745
0.479745
0.489845
0.494895
0.499945
0.504995
0.510045
0.515095
0.530245
0.535295
0.535295
0.535295
0.535295
0.535295
0.535295
0.535295
0.535295
0.535295
0.535295
0.535295
0.535295
0.530245
0.530245
0.530245
0.530245
0.530245
0.530245
0.530245
0.530245
0.530245
0.530245
0.530245
0.530245
0.530245
0.535295
0.540345
0.545395
0.550445
0.550445
0.555494
0.560544
0.565594
0.565594
0.565594
0.565594
0.563069
0.560544
0.555494
0.550445
0.545395
0.540345
0.535295
0.530245
0.525195
0.525195
0.525195
0.525195
0.525195
0.525195
0.525195
0.525195
0.525195
0.525195
0.530245
0.530245
0.535295
0.540345
0.550445
0.560544
0.570644
0.575694
0.595894
0.600944
0.611044
0.616094
0.626194
0.636294
0.656493
0.661543
0.666593
0.671643
0.671643
0.671643
0.671643
0.671643
0.671643
0.671643
0.671643
0.671643
0.671643
0.666593
0.661543
0.651443
0.646393
0.661543
0.66996
0.678376
0.683426
0.688476
0.693526
0.698576
0.703626
0.708676
0.713726
0.717093
0.720459
0.723826
0.728876
0.733926
0.744026
0.744026
0.754126
0.754126
0.754126
0.754126
0.759176
0.764226
0.764226
0.764226
0.764226
0.764226
0.769275
0.774325
0.77685
0.779375
0.784425
0.789475
0.789475
0.789475
0.794525
0.794525
0.794525
0.799575
0.799575
0.799575
0.799575
0.799575
0.799575
0.799575
0.799575
0.799575
0.799575
0.799575
0.8021
0.804625
0.804625
0.804625
0.80715
0.809675
0.809675
0.809675
0.809675
0.809675
0.809675
0.809675
0.809675
0.809675
0.809675
0.807992
0.806308
0.804625
0.801259
0.797892
0.794525
0.787792
0.781059
0.774325
0.767592
0.760859
0.754126
0.747392
0.740659
0.733926
0.727193
0.720459
0.713726
0.706993
0.70026
0.693526
0.686793
0.68006
0.673327
0.66996
0.666593
0.663227
0.660702
0.658177
0.650602
0.643027
0.640502
0.637977
0.627877
0.627877
0.627877
0.627877
0.632927
0.637977
0.648077
0.653127
0.658177
0.738976
