0.565595
0.681744
0.550444
0.363597
0.419146
0.398946
0.398946
0.398946
0.348447
0.222198
0.222198
0.227248
0.277748
0.323197
0.373697
0.419146
0.454496
0.499945
0.525195
0.530245
0.494895
0.459546
0.398946
0.313097
0.292898
0.282798
0.277748
0.277748
0.151499
0.151499
0.151499
0.151499
0.767593
0.767593
0.767593
0.767593
0.767593
0.762543
0.762543
0.767593
0.767593
0.767593
0.767593
0.767593
0.767593
0.767593
0.767593
0.767593
0.767593
0.762543
0.752443
0.752443
0.752443
0.752443
0.752443
0.752443
0.752443
0.752443
0.752443
0.752443
0.752443
0.752443
0.752443
0.752443
0.747393
0.742343
0.742343
0.737293
0.737293
0.737293
0.737293
0.737293
0.737293
0.737293
0.737293
0.737293
0.732243
0.727193
0.727193
0.727193
0.727193
0.727193
0.727193
0.727193
0.717093
0.714568
0.712043
0.701943
0.696893
0.696893
0.696893
0.691843
0.691843
0.691843
0.686794
0.686794
0.681744
0.681744
0.681744
0.681744
0.676694
0.676694
0.676694
0.676694
0.676694
0.676694
0.676694
0.676694
0.671644
0.671644
0.676694
0.681744
0.684269
0.684269
0.684269
0.684269
0.684269
0.684269
0.684269
0.684269
0.684269
0.684269
0.684269
0.684269
0.684269
0.684269
0.684269
0.684269
0.684269
0.684269
0.684269
0.684269
0.684269
0.684269
0.684269
0.684269
0.684269
0.684269
0.684269
0.684269
0.684269
0.684269
0.684269
0.684269
0.684269
0.684269
0.684269
0.684269
0.684269
0.684269
0.684269
0.684269
0.684269
0.684269
0.684269
0.684269
0.684269
0.684269
0.684269
0.684269
0.684269
0.684269
0.684269
0.684269
0.684269
0.684269
0.684269
0.684269
0.684269
0.684269
0.684269
0.684269
0.684269
0.684268
0.682585
0.680902
0.679219
0.677956
0.676694
0.675431
0.674169
0.672906
0.671644
0.670381
0.669119
0.667099
0.665079
0.663059
0.661039
0.659019
0.657756
0.656494
0.655231
0.653969
0.650602
0.647236
0.643869
0.642606
0.641344
0.640082
0.638819
0.636294
0.633769
0.631244
0.628719
0.628719
0.628719
0.628719
0.627036
0.625353
0.623669
0.623669
0.623669
0.623669
0.623669
0.623669
0.623669
0.623669
0.623669
0.623669
0.623669
0.623669
0.621986
0.620303
0.618619
0.618619
0.618619
0.618619
0.618619
0.618619
0.618619
0.618619
0.618619
0.618619
0.618619
0.618619
0.621144
0.623669
0.623669
0.623669
0.623669
0.623669
0.626194
0.628719
0.628719
0.628719
0.633769
0.638819
0.643869
0.643869
0.648919
0.648919
0.664069
0.664069
0.669119
