0.186849
0.201999
0.222199
0.237349
0.257548
0.318148
0.510046
0.363597
0.373697
0.378747
0.575695
0.540345
0.409047
0.419147
0.424196
0.439346
0.454496
0.464596
0.469646
0.515095
0.540345
0.555495
0.580745
0.616094
0.641344
0.681744
0.727193
0.787792
0.853442
0.898891
0.914041
0.914041
0.929191
0.924141
0.914041
0.908991
0.873641
0.838292
0.767592
0.681743
0.600944
0.535295
0.494895
0.464596
0.429246
0.398946
0.388847
0.373697
0.368647
0.368647
0.378747
0.393896
0.403996
0.419146
0.429246
0.444396
0.459546
0.469646
0.489845
0.504995
0.510045
0.525195
0.535295
0.545395
0.565595
0.585794
0.595894
0.611044
0.621144
0.631244
0.641344
0.651444
0.666593
0.676693
0.681743
0.681743
0.696893
0.712043
0.719618
0.727193
0.734768
0.742343
0.747393
0.757492
0.757492
0.762542
0.767592
0.767592
0.772642
0.777692
0.782742
0.787792
0.787792
0.792842
0.797892
0.797892
0.802942
0.802942
0.807992
0.807992
0.807992
0.807992
0.807992
0.807992
0.807992
0.807992
0.807992
0.807992
0.807992
0.807992
0.807992
0.807992
0.807992
0.807992
0.807992
0.807992
0.807992
0.807992
0.807992
0.807992
0.807992
0.802942
0.802942
0.797892
0.797892
0.797892
0.802942
0.807992
0.810517
0.813042
0.815567
0.818092
0.818092
0.818092
0.818092
0.818092
0.818092
0.818092
0.818092
0.818092
0.818092
0.818092
0.818092
0.818092
0.818092
0.818092
0.818092
0.818092
0.818092
0.818092
0.818092
0.818092
0.818092
0.818092
0.818092
0.818092
0.818092
0.818092
0.818092
0.818092
0.818092
0.818092
0.818092
0.818092
0.818092
0.818092
0.818092
0.818092
0.818092
0.818092
0.81725
0.816409
0.815567
0.814725
0.813884
0.813042
0.809002
0.804962
0.800922
0.796882
0.792842
0.790317
0.787792
0.785267
0.782742
0.780217
0.777692
0.774326
0.770959
0.767592
0.764226
0.760859
0.757493
0.754126
0.750759
0.747393
0.744026
0.740659
0.737293
0.734768
0.732243
0.729718
0.727193
0.724668
0.722143
0.719618
0.717093
0.714568
0.712043
0.709518
0.706993
0.70531
0.703626
0.701943
0.70026
0.698576
0.696893
0.696893
0.696893
0.696893
0.696893
0.696893
0.696893
0.696893
0.696893
0.696893
0.696893
0.696893
0.696893
0.696893
0.696893
0.696893
0.696893
0.696893
0.696893
0.698577
0.70026
0.701943
0.709518
0.717093
0.728876
0.740659
0.762542
0.772642
0.775167
0.777692
0.787792
0.792842
0.797892
0.797892
0.797892
0.797892
0.797892
0.797892
0.797892
