0.37454
0.536138
0.697736
0.748236
0.803785
0.813884
0.738136
0.475539
0.859334
0.808835
0.717936
0.556338
0.470489
0.39474
0.34424
0.303841
0.303841
0.31394
0.33919
0.38464
0.435139
0.510888
0.551288
0.556338
0.28364
0.30889
0.329089
0.344239
0.364439
0.399789
0.455338
0.500787
0.520987
0.520987
0.520987
0.520987
0.500787
0.445238
0.127092
0.127092
0.127092
0.202841
0.243241
0.28364
0.31899
0.364439
0.394739
0.425039
0.445239
0.465438
0.480588
0.485638
0.485638
0.485638
0.132142
0.157392
0.212941
0.253341
0.30384
0.33919
0.35434
0.384639
0.419989
0.450289
0.495738
0.526038
0.581587
0.591687
0.611887
0.616937
0.621987
0.627037
0.632087
0.632087
0.632087
0.637137
0.642187
0.647237
0.647237
0.652286
0.652286
0.657336
0.657336
0.657336
0.662386
0.662386
0.662386
0.667436
0.672486
0.672486
0.677536
0.677536
0.677536
0.682586
0.682586
0.682586
0.682586
0.682586
0.682586
0.682586
0.682586
0.682586
0.682586
0.682586
0.682586
0.682586
0.682586
0.682586
0.682586
0.682586
0.682586
0.682586
0.682586
0.682586
0.682586
0.677536
0.677536
0.672486
0.672486
0.672486
0.672486
0.672486
0.672486
0.672486
0.672486
0.672486
0.672486
0.687636
0.707836
0.712886
0.715411
0.717936
0.717936
0.722986
0.722986
0.722986
0.722986
0.722986
0.722986
0.728035
0.728035
0.733085
0.733085
0.738135
0.738135
0.738135
0.738135
0.743185
0.743185
0.743185
0.743185
0.743185
0.743185
0.743185
0.743185
0.743185
0.743185
0.743185
0.743185
0.743185
0.743185
0.743185
0.743185
0.743185
0.743185
0.743185
0.743185
0.743185
0.74066
0.738135
0.73561
0.733086
0.731066
0.729046
0.727026
0.725006
0.722986
0.720966
0.718946
0.716926
0.714906
0.712886
0.711623
0.710361
0.709098
0.707836
0.706994
0.706152
0.705311
0.704469
0.703627
0.702786
0.700261
0.697736
0.695211
0.692686
0.690161
0.687636
0.685952
0.684269
0.682586
0.680903
0.679219
0.677536
0.676093
0.67465
0.673208
0.671765
0.670322
0.668879
0.667436
0.665753
0.664069
0.662386
0.660703
0.65902
0.657336
0.655653
0.65397
0.652286
0.650603
0.64892
0.647236
0.644711
0.642186
0.639661
0.637136
0.634611
0.632087
0.631245
0.630403
0.629562
0.62872
0.627878
0.627037
0.627037
0.627037
0.627037
0.627037
0.627037
0.627037
0.632087
0.642186
0.657336
0.664911
0.672486
0.687636
0.697736
0.712886
0.717936
0.722986
0.728035
0.733085
0.743185
0.743185
