0.351816
0.538664
0.705312
0.791161
0.85681
0.877009
0.87701
0.856809
0.83156
0.730561
0.639662
0.442714
0.235666
0.240716
0.467963
0.624512
0.705311
0.700261
0.680061
0.624512
0.574012
0.488163
0.306365
0.316465
0.316465
0.321515
0.447764
0.528563
0.659861
0.715411
0.74571
0.609362
0.518463
0.473013
0.659861
0.634612
0.700261
0.351815
0.361915
0.361915
0.361915
0.361915
0.377064
0.387164
0.397264
0.368648
0.383798
0.393898
0.424198
0.439347
0.459547
0.469647
0.489847
0.510047
0.525196
0.535296
0.550446
0.563071
0.575696
0.585796
0.600946
0.611046
0.616096
0.626195
0.631245
0.636295
0.636295
0.646395
0.656495
0.661545
0.666595
0.671645
0.671645
0.67417
0.676695
0.676695
0.681745
0.681745
0.686795
0.686795
0.691845
0.691845
0.691845
0.691845
0.691845
0.691845
0.691845
0.691845
0.691845
0.691845
0.691845
0.691845
0.691845
0.691845
0.691845
0.691845
0.691845
0.691845
0.691845
0.691845
0.696895
0.696895
0.696895
0.696895
0.696895
0.696895
0.696895
0.696895
0.696895
0.696895
0.696895
0.696895
0.696895
0.696895
0.696895
0.696895
0.696895
0.696895
0.696895
0.696895
0.696895
0.696895
0.696895
0.696895
0.696895
0.696895
0.696895
0.696895
0.696895
0.696895
0.696895
0.696895
0.696895
0.696895
0.696895
0.696895
0.701945
0.701945
0.701945
0.701945
0.701945
0.701945
0.701945
0.701945
0.706995
0.706995
0.712044
0.719619
0.727194
0.730561
0.733928
0.737294
0.744027
0.750761
0.757494
0.760019
0.762544
0.765069
0.767594
0.772644
0.777694
0.782744
0.785269
0.787794
0.787794
0.787794
0.787794
0.787794
0.787794
0.787794
0.787794
0.787794
0.787794
0.787794
0.787794
0.787794
0.787794
0.787794
0.787794
0.787794
0.787794
0.787794
0.787794
0.787794
0.787794
0.787794
0.787794
0.787794
0.787794
0.787794
0.787794
0.787794
0.787794
0.787794
0.787794
0.787794
0.787794
0.787794
0.787794
0.787794
0.787794
0.787794
0.787794
0.787794
0.787794
0.787794
0.787794
0.787794
0.787794
0.787794
0.787794
0.787794
0.787794
0.787794
0.787794
0.787794
0.787794
0.787794
0.785269
0.782744
0.777694
0.772644
0.767594
0.760019
0.752444
0.742344
0.732244
0.722144
0.712044
0.701945
0.691845
0.686795
0.681745
0.678378
0.675012
0.671645
0.671645
0.671645
0.671645
0.671645
0.671645
0.671645
0.671645
0.671645
0.671645
0.671645
0.671645
0.669962
0.668278
0.666595
0.664912
0.663228
0.661545
0.661545
0.656495
