0.14645
0.18685
0.1919
0.242399
0.272699
0.297948
0.318148
0.348448
0.368648
0.343398
0.328248
0.308048
0.287849
0.282799
0.277749
0.272699
0.272699
0.287849
0.302998
0.308048
0.313098
0.318148
0.328248
0.348448
0.358548
0.383797
0.403997
0.429247
0.464597
0.499946
0.540346
0.580745
0.611045
0.641345
0.676694
0.686794
0.712044
0.777693
0.848392
0.873642
0.908992
0.924142
0.944341
0.944341
0.944341
0.934241
0.898892
0.873642
0.858492
0.848392
0.838292
0.828193
0.813043
0.807993
0.807993
0.807993
0.807993
0.807993
0.797893
0.787793
0.772643
0.737294
0.717094
0.701944
0.686794
0.671644
0.651444
0.651444
0.651444
0.651444
0.651444
0.651444
0.651444
0.646395
0.641345
0.636295
0.631245
0.626195
0.616095
0.611045
0.611045
0.611045
0.611045
0.611045
0.616095
0.626195
0.641345
0.651444
0.671644
0.701944
0.722144
0.737294
0.747393
0.752443
0.752443
0.752443
0.742343
0.742343
0.727194
0.706994
0.686794
0.676694
0.666594
0.646395
0.636295
0.631245
0.626195
0.616095
0.605995
0.605995
0.600945
0.595895
0.595895
0.600945
0.616095
0.636295
0.656494
0.666594
0.686794
0.701944
0.717094
0.727194
0.737294
0.747393
0.752443
0.802942
0.802942
0.802942
0.802942
0.802942
0.802942
0.802942
0.802942
0.802942
0.802942
0.802942
0.797892
0.782743
0.777693
0.777693
0.772643
0.772643
0.772643
0.772643
0.772643
0.772643
0.772643
0.772643
0.772643
0.772643
0.772643
0.772643
0.772643
0.772643
0.772643
0.772643
0.772643
0.772643
0.772643
0.772643
0.772643
0.772643
0.772643
0.772643
0.772643
0.772643
0.772643
0.777693
0.777693
0.777693
0.777693
0.762543
0.757493
0.752443
0.747393
0.74066
0.733926
0.727193
0.72046
0.713727
0.706993
0.70026
0.693527
0.686794
0.683427
0.68006
0.676694
0.671644
0.666594
0.66491
0.663227
0.661544
0.661544
0.661544
0.659861
0.658177
0.656494
0.656494
0.656494
0.656494
0.656494
0.656494
0.656494
0.656494
0.656494
0.656494
0.656494
0.656494
0.656494
0.656494
0.656494
0.656494
0.656494
0.657756
0.659019
0.660281
0.661544
0.66491
0.668277
0.671644
0.675431
0.675431
0.675431
0.680481
0.680481
0.680481
0.680481
0.680481
0.680481
0.680481
0.680481
0.680481
0.680481
0.680481
0.680481
0.680481
0.680481
0.680481
0.680481
0.680481
0.680481
0.680481
0.680481
0.680481
0.680481
0.680481
0.680481
0.675431
0.670381
0.670381
0.670381
0.670381
0.670381
0.670381
0.670381
