0.242398
0.333297
0.393896
0.459546
0.535295
0.605994
0.681743
0.742343
0.797892
0.843341
0.868591
0.893841
0.893841
0.893841
0.858491
0.772643
0.651444
0.489846
0.373697
0.252499
0.166649
0.111099
0.176749
0.227248
0.292898
0.348447
0.515095
0.580744
0.686793
0.727193
0.732243
0.727193
0.701943
0.686793
0.676693
0.666593
0.661543
0.656494
0.641344
0.636294
0.631244
0.631244
0.631244
0.631244
0.636294
0.636294
0.636294
0.641344
0.641344
0.641344
0.641344
0.641344
0.641344
0.641344
0.641344
0.641344
0.641344
0.641344
0.641344
0.646394
0.648919
0.651444
0.661544
0.666594
0.671644
0.676694
0.679219
0.681744
0.681744
0.681744
0.681744
0.681744
0.686794
0.689318
0.691843
0.694368
0.696893
0.696893
0.696893
0.699418
0.701943
0.701943
0.701943
0.701943
0.701943
0.701943
0.704468
0.706993
0.706993
0.706993
0.706993
0.706993
0.706993
0.706993
0.706993
0.706993
0.706993
0.712043
0.717093
0.717093
0.717093
0.717093
0.717093
0.717093
0.717093
0.717093
0.717093
0.717093
0.717093
0.717093
0.717093
0.717093
0.717093
0.717093
0.717093
0.717093
0.717093
0.717093
0.714063
0.711033
0.708003
0.710023
0.710023
0.710023
0.710023
0.710023
0.710023
0.710023
0.710023
0.710023
0.710023
0.710023
0.710023
0.711033
0.712043
0.713053
0.714063
0.715073
0.716083
0.717093
0.718103
0.719113
0.720123
0.721386
0.722648
0.723911
0.725173
0.725173
0.725173
0.725173
0.727698
0.730223
0.730223
0.730223
0.730223
0.730223
0.730223
0.730223
0.730223
0.730223
0.731485
0.732748
0.73401
0.735273
0.736535
0.737798
0.73906
0.740323
0.74411
0.747898
0.751685
0.755473
0.75926
0.763048
0.766835
0.770623
0.775672
0.780722
0.785772
0.788297
0.790822
0.793347
0.795872
0.799239
0.802606
0.805972
0.808497
0.811022
0.811022
0.811022
0.811022
0.811022
0.811022
0.811022
0.811022
0.811022
0.811022
0.811022
0.811022
0.811022
0.811022
0.811022
0.811022
0.805972
0.805972
0.805972
0.800922
0.795872
0.790822
0.790822
0.785772
0.780722
0.775672
0.773148
0.770623
0.765573
0.760523
0.750423
0.745373
0.740323
0.730223
0.725173
0.720123
0.715073
0.704973
0.702448
0.699923
0.689823
0.684774
0.684774
0.684774
0.684774
0.684774
0.684774
0.699923
0.699923
0.702448
0.704973
0.704973
0.704973
0.704973
0.704973
0.704973
0.704973
0.704973
0.704973
0.704973
0.704973
0.704973
0.704973
0.704973
0.704973
0.704973
0.704973
0.684774
