0.186849
0.222199
0.287848
0.600945
0.0656504
0.0707004
0.570645
0.0808003
0.520146
0.0858502
0.0858502
0.414096
0.631244
0.0858502
0.590845
0.0858502
0.0858502
0.0858502
0.580745
0.651444
0.0858502
0.0858502
0.0858502
0.0858502
0.0858502
0.0909002
0.0909002
0.540346
0.474696
0.297948
0.510046
0.11615
0.11615
0.11615
0.11615
0.11615
0.11615
0.11615
0.585794
0.550445
0.641344
0.11615
0.1212
0.12625
0.13635
0.1515
0.166649
0.686794
0.722143
0.222199
0.227249
0.242399
0.282798
0.313098
0.762543
0.828192
0.868591
0.893841
0.934241
0.878692
0.878692
0.848392
0.828192
0.818092
0.802942
0.787793
0.772643
0.762543
0.747393
0.742343
0.742343
0.742343
0.742343
0.742343
0.742343
0.742343
0.742343
0.742343
0.737293
0.737293
0.732243
0.732243
0.727193
0.722143
0.717093
0.712043
0.712043
0.752443
0.752443
0.757493
0.757493
0.757493
0.762543
0.762543
0.762543
0.767593
0.772643
0.777693
0.777693
0.777693
0.777693
0.777693
0.777693
0.772643
0.767593
0.757493
0.757493
0.797893
0.797893
0.797893
0.797893
0.797893
0.797893
0.797893
0.797893
0.797893
0.797893
0.797893
0.797893
0.797893
0.797893
0.797893
0.797893
0.797893
0.797893
0.797893
0.797893
0.797893
0.797893
0.797893
0.797893
0.797893
0.797893
0.797893
0.797893
0.797893
0.797893
0.797893
0.797893
0.797893
0.797893
0.797893
0.797893
0.797893
0.797893
0.797893
0.797893
0.797893
0.802943
0.807993
0.807993
0.807993
0.807993
0.807993
0.807993
0.807993
0.807993
0.807993
0.807993
0.807993
0.807993
0.807993
0.807993
0.807993
0.807993
0.807993
0.807993
0.807993
0.807993
0.807993
0.807993
0.807993
0.807993
0.807993
0.807993
0.807993
0.807993
0.807993
0.807993
0.807993
0.807993
0.807993
0.807993
0.807993
0.807993
0.807993
0.807993
0.807993
0.807993
0.807993
0.807993
0.807993
0.807993
0.807993
0.807993
0.807993
0.807993
0.807993
0.807993
0.807993
0.807993
0.807993
0.807993
0.807993
0.807993
0.807993
0.807993
0.807993
0.807993
0.807993
0.807993
0.807993
0.807993
0.807993
0.807993
0.807993
0.809676
0.81136
0.813043
0.814305
0.815568
0.81683
0.818093
0.82188
0.825668
0.829455
0.833243
0.837283
0.841323
0.845363
0.849403
0.853442
0.856809
0.860176
0.863542
0.866909
0.870276
0.873642
0.877851
0.882059
0.886267
0.890476
0.894684
0.898892
0.904952
0.911012
0.917072
0.923132
0.929192
0.933232
0.937272
0.941312
0.945352
0.949392
0.954442
