0.1414
0.277749
0.393898
0.419147
0.429247
0.444397
0.444397
0.449447
0.464597
0.459547
0.454497
0.494897
0.454497
0.454497
0.656495
0.646395
0.671645
0.464597
0.479747
0.464597
0.454497
0.449447
0.449447
0.439347
0.434297
0.444397
0.454497
0.590846
0.651446
0.595895
0.373698
0.403997
0.409047
0.398948
0.393898
0.383798
0.383798
0.378748
0.378748
0.373698
0.368648
0.368648
0.368648
0.378748
0.383798
0.409047
0.429247
0.14645
0.772644
0.701944
0.227249
0.257549
0.292899
0.353498
0.393898
0.429247
0.444397
0.459547
0.469647
0.484796
0.494896
0.504996
0.510046
0.515096
0.520146
0.530246
0.535296
0.550446
0.565596
0.590845
0.631245
0.712044
0.757493
0.802943
0.838293
0.863542
0.873642
0.939292
0.944342
0.954442
0.959491
0.959491
0.949391
0.868592
0.853442
0.838292
0.823142
0.802943
0.787793
0.772643
0.757493
0.737293
0.732243
0.712044
0.701944
0.747394
0.747394
0.747394
0.742344
0.742344
0.742344
0.737294
0.737294
0.737294
0.737294
0.737294
0.737294
0.737294
0.737294
0.737294
0.737294
0.737294
0.737294
0.737294
0.737294
0.734769
0.732244
0.729719
0.727194
0.722144
0.717094
0.717094
0.714569
0.712044
0.712044
0.712044
0.712044
0.712044
0.712044
0.722144
0.727194
0.742344
0.747394
0.757494
0.760019
0.762543
0.772643
0.777693
0.787793
0.792843
0.797893
0.797893
0.802943
0.802943
0.802943
0.802943
0.807993
0.807993
0.807993
0.813043
0.813043
0.815568
0.818093
0.818093
0.818093
0.818093
0.818093
0.818093
0.818093
0.818093
0.818093
0.818093
0.818093
0.818093
0.818093
0.818093
0.818093
0.818093
0.818093
0.818093
0.818093
0.818093
0.818093
0.818093
0.818093
0.818093
0.817083
0.816073
0.815063
0.814053
0.813043
0.810518
0.807993
0.805468
0.802943
0.799913
0.796883
0.793853
0.790823
0.787793
0.785268
0.782743
0.780218
0.777693
0.777693
0.777693
0.777693
0.777693
0.777693
0.777693
0.777693
0.777693
0.777693
0.777693
0.777693
0.777693
0.777693
0.777693
0.777693
0.777693
0.777693
0.777693
0.779377
0.78106
0.782743
0.782743
0.782743
0.782743
0.782743
0.782743
0.782743
0.782743
0.782743
0.782743
0.782743
0.782743
0.782743
0.782743
0.782743
0.782743
0.782743
0.782743
0.785268
0.787793
0.787793
0.787793
0.787793
0.787793
0.787793
0.787793
0.787793
0.787793
0.787793
0.787793
0.787793
0.787793
0.787793
0.787793
0.782743
0.782743
0.777693
0.777693
0.777693
0.792843
0.813043
