0.297947
0.378746
0.444395
0.484795
0.515095
0.525195
0.676693
0.737292
0.595894
0.621144
0.636293
0.626193
0.641343
0.701943
0.772642
0.883741
0.92919
0.93929
0.929192
0.934242
0.934241
0.893842
0.747394
0.515096
0.393897
0.378748
0.419147
0.439346
0.454496
0.469646
0.484795
0.510045
0.520145
0.53277
0.545395
0.56812
0.57317
0.57822
0.598419
0.600944
0.603469
0.618619
0.628719
0.643869
0.648919
0.653969
0.659019
0.661544
0.664069
0.669119
0.674168
0.681743
0.689318
0.704468
0.709518
0.714568
0.719618
0.724668
0.729718
0.734768
0.739818
0.744868
0.749918
0.754968
0.760018
0.765067
0.770117
0.775167
0.780217
0.782742
0.785267
0.792842
0.800417
0.805467
0.810517
0.818092
0.825667
0.828192
0.830717
0.830717
0.830717
0.833242
0.835767
0.83745
0.839133
0.840817
0.843342
0.845867
0.845867
0.845867
0.845867
0.845867
0.840817
0.850916
0.854283
0.85765
0.861016
0.8627
0.864383
0.866066
0.867329
0.868591
0.869854
0.871116
0.872379
0.873641
0.874904
0.876166
0.876166
0.876166
0.876166
0.876166
0.876166
0.876166
0.876166
0.876166
0.876166
0.876166
0.876166
0.876166
0.876166
0.876166
0.876166
0.876166
0.876166
0.876166
0.876166
0.876166
0.876166
0.876166
0.873641
0.871116
0.866066
0.861016
0.855966
0.850917
0.850917
0.840817
0.835767
0.835767
0.830717
0.830717
0.820617
0.820617
0.815567
0.815567
0.815567
0.815567
0.815567
0.815567
0.815567
0.815567
0.815567
0.815567
0.813042
0.810517
0.810517
0.810517
0.810517
0.810517
0.810517
0.810517
0.810517
0.810517
0.810517
0.810517
0.810517
0.807992
0.805467
0.802942
0.800417
0.800417
0.800417
0.800417
0.800417
0.800417
0.800417
0.799155
0.797892
0.79663
0.795367
0.795367
0.795367
0.795367
0.795367
0.795367
0.795367
0.795367
0.795367
0.795367
0.795367
0.795367
0.795367
0.795367
0.795367
0.795367
0.795367
0.795367
0.795367
0.795367
0.795367
0.795367
0.795367
0.795367
0.795367
0.795367
0.795367
0.795367
0.795367
0.795367
0.795367
0.795367
0.795367
0.795367
0.795367
0.795367
0.795367
0.805467
0.815567
0.815567
0.815567
0.815567
0.807992
0.800417
0.794105
0.787792
0.78148
0.775167
0.77138
0.767592
0.763805
0.760017
0.749918
0.739818
0.734768
0.729718
0.724668
0.719618
0.714568
0.709518
0.704468
0.699418
0.694368
0.689318
0.686793
0.684268
0.674168
0.674168
0.669118
0.669118
0.669118
0.669118
0.689318
0.709518
0.760017
