-0.00504943
0.201998
0.257548
0.292897
0.302997
0.318147
0.328247
0.333297
0.343397
0.358547
0.363597
0.388846
0.439346
0.469645
0.484795
0.434296
0.414096
0.398946
0.383796
0.383796
0.388846
0.414096
0.469645
0.504995
0.510045
0.504995
0.494895
0.489845
0.489845
0.525195
0.580744
0.636294
0.686793
0.727193
0.752442
0.777692
0.802942
0.828192
0.843341
0.848391
0.848391
0.843341
0.838291
0.813042
0.802942
0.797892
0.792842
0.792842
0.792842
0.777692
0.782742
0.782742
0.782742
0.782742
0.787792
0.787792
0.787792
0.787792
0.787792
0.787792
0.787792
0.787792
0.787792
0.787792
0.782742
0.777692
0.777692
0.767592
0.767592
0.762542
0.752442
0.752442
0.752442
0.752442
0.747392
0.732243
0.727193
0.717093
0.712043
0.701943
0.696893
0.686793
0.681743
0.676693
0.671643
0.671643
0.671643
0.671643
0.671643
0.671643
0.671643
0.671643
0.671643
0.671643
0.676693
0.681743
0.686793
0.691843
0.696893
0.696893
0.696893
0.701943
0.701943
0.701943
0.706993
0.706993
0.717093
0.737293
0.762542
0.782742
0.792842
0.802942
0.807992
0.813042
0.813042
0.818092
0.818092
0.818092
0.807992
0.797892
0.777692
0.757492
0.752442
0.747392
0.752442
0.752442
0.752442
0.752442
0.752442
0.752442
0.747392
0.744867
0.742342
0.732243
0.727193
0.727193
0.722143
0.712043
0.712043
0.706993
0.701943
0.701943
0.701943
0.701943
0.701943
0.701943
0.712043
0.732243
0.742342
0.757492
0.772642
0.787792
0.797892
0.802942
0.813042
0.813042
0.813042
0.813042
0.802942
0.797892
0.787792
0.780217
0.772642
0.767592
0.762542
0.757492
0.755809
0.754126
0.752442
0.750759
0.749076
0.747392
0.744867
0.742342
0.740659
0.738976
0.737292
0.735609
0.733926
0.732243
0.729718
0.727193
0.724668
0.722143
0.718103
0.714063
0.710023
0.705983
0.701943
0.699923
0.697903
0.695883
0.693863
0.691843
0.691843
0.691843
0.691843
0.691843
0.691843
0.691843
0.691843
0.691843
0.691843
0.691843
0.691843
0.691843
0.691843
0.691843
0.691843
0.691843
0.691843
0.691843
0.691843
0.691843
0.691843
0.691843
0.691843
0.691843
0.691843
0.691843
0.696893
0.696893
0.696893
0.699418
0.701943
0.704468
0.706993
0.712043
0.717093
0.717093
0.717093
0.722143
0.727193
0.729718
0.732243
0.732243
0.737293
0.737293
0.742342
0.742342
0.742342
0.744867
0.747392
0.752442
0.752442
0.757492
0.757492
0.762542
0.767592
0.767592
0.777692
0.777692
0.782742
0.782742
0.787792
