0.848391
0.868591
0.843342
0.767592
0.661543
0.520145
0.358547
0.161599
0.212098
0.222198
0.222198
0.222198
0.222198
0.222198
0.222198
0.222198
0.222198
0.222198
0.222198
0.222198
0.222198
0.222198
0.222198
0.227248
0.227248
0.227248
0.227248
0.222198
0.217148
0.217148
0.207048
0.207048
0.207048
0.207048
0.217148
0.222198
0.161599
0.671644
0.671644
0.772643
0.818092
0.838292
0.858492
0.858492
0.858492
0.818092
0.737293
0.676694
0.676694
0.126249
0.181799
0.232298
0.262598
0.292898
0.368647
0.409046
0.449446
0.479746
0.510045
0.580745
0.616094
0.616094
0.621144
0.621144
0.626194
0.626194
0.631244
0.631244
0.636294
0.636294
0.636294
0.636294
0.636294
0.636294
0.636294
0.636294
0.636294
0.636294
0.636294
0.641344
0.641344
0.646394
0.646394
0.646394
0.651444
0.656494
0.661544
0.666594
0.676694
0.681744
0.686794
0.696894
0.701943
0.706993
0.706993
0.712043
0.717093
0.717093
0.722143
0.727193
0.727193
0.727193
0.727193
0.727193
0.732243
0.742343
0.752443
0.757493
0.762543
0.772643
0.777693
0.787793
0.792842
0.792842
0.792842
0.797892
0.807992
0.818092
0.823142
0.807992
0.813042
0.838292
0.843342
0.853442
0.853442
0.858492
0.858492
0.863542
0.866067
0.868592
0.873642
0.878692
0.878692
0.878692
0.883742
0.883742
0.883742
0.883742
0.883742
0.883742
0.883742
0.883742
0.883742
0.883742
0.883742
0.883742
0.883742
0.883742
0.883742
0.883742
0.886267
0.888792
0.888792
0.888792
0.888792
0.888792
0.888792
0.888792
0.888792
0.888792
0.888792
0.888792
0.888792
0.888792
0.888792
0.888792
0.888792
0.888792
0.888792
0.888792
0.888792
0.888792
0.888792
0.888792
0.888792
0.888792
0.888792
0.888792
0.888792
0.888792
0.888792
0.888792
0.888792
0.888792
0.888792
0.888792
0.888792
0.888792
0.888792
0.888792
0.888792
0.888792
0.888792
0.888792
0.888792
0.888792
0.888792
0.888792
0.888792
0.888792
0.888792
0.885425
0.882058
0.878692
0.873642
0.868592
0.866067
0.863542
0.861859
0.860175
0.858492
0.858492
0.858492
0.858492
0.858492
0.858492
0.858492
0.858492
0.858492
0.858492
0.858492
0.858492
0.858492
0.858492
0.858492
0.858492
0.858492
0.858492
0.858492
0.853442
0.843342
0.838292
0.838292
0.838292
0.838292
0.838292
0.835767
0.833242
0.833242
0.833242
0.833242
0.833242
0.833242
0.833242
0.833242
0.828192
0.823142
0.823142
0.818092
0.818092
0.815567
0.813042
0.807993
0.807993
0.802943
