0.302997
0.449445
0.530245
0.560544
0.671643
0.777692
0.90394
0.87869
0.94939
0.95949
0.636293
0.772642
0.89889
0.863541
0.787792
0.686793
0.641344
0.848392
0.924141
0.929191
0.934241
0.908991
0.908991
0.898891
0.833242
0.823142
0.818092
0.823142
0.75581
0.71036
0.675011
0.619461
0.574012
0.558862
0.654811
0.609361
0.609362
0.710361
0.80126
0.821459
0.841659
0.856809
0.639661
0.634611
0.619461
0.76591
0.76591
0.76591
0.72046
0.685111
0.669961
0.861858
0.861858
0.826509
0.801259
0.71036
0.644711
0.589161
0.568962
0.462913
0.407364
0.437663
0.584112
0.467963
0.644711
0.649761
0.654811
0.654811
0.654811
0.649761
0.639661
0.624512
0.619462
0.478063
0.478063
0.478063
0.478063
0.493213
0.387164
0.387164
0.397264
0.417464
0.432613
0.649761
0.664911
0.675011
0.675011
0.675011
0.685111
0.685111
0.690161
0.695211
0.700261
0.705311
0.71541
0.71541
0.72046
0.72046
0.72046
0.72046
0.72551
0.73056
0.73056
0.73056
0.73561
0.73561
0.74066
0.74066
0.74066
0.74066
0.74066
0.74066
0.74571
0.75076
0.75076
0.76086
0.76591
0.77601
0.78106
0.78106
0.78106
0.821459
0.821459
0.826509
0.826509
0.826509
0.826509
0.826509
0.826509
0.826509
0.826509
0.831559
0.831559
0.831559
0.831559
0.831559
0.831559
0.831559
0.831559
0.831559
0.831559
0.831559
0.831559
0.831559
0.821459
0.821459
0.821459
0.821459
0.821459
0.821459
0.821459
0.821459
0.821459
0.821459
0.821459
0.821459
0.821459
0.821459
0.816409
0.811359
0.811359
0.811359
0.811359
0.811359
0.811359
0.811359
0.811359
0.806309
0.801259
0.801259
0.796209
0.79116
0.78611
0.811359
0.816409
0.821459
0.823984
0.826509
0.829034
0.831559
0.834084
0.836609
0.840649
0.844689
0.848729
0.852769
0.856809
0.859334
0.861859
0.864384
0.866909
0.869434
0.871959
0.874484
0.877009
0.877009
0.877009
0.877009
0.877009
0.877009
0.877009
0.877009
0.878692
0.880375
0.882059
0.882059
0.882059
0.882059
0.882059
0.882059
0.882059
0.882059
0.882059
0.882059
0.882059
0.882059
0.882059
0.882059
0.882059
0.882058
0.880375
0.878692
0.877009
0.877009
0.877009
0.877009
0.877009
0.877009
0.874484
0.871959
0.871959
0.871959
0.871959
0.871959
0.871959
0.871959
0.871959
0.871959
0.871959
0.866909
0.856809
0.836609
0.811359
0.801259
0.796209
0.796209
0.796209
0.796209
0.801259
0.801259
0.801259
0.801259
0.801259
0.796209
0.77601
