0.0555506
0.262598
0.525195
0.414097
0.308048
0.1414
0.565596
0.641345
0.479746
0.318148
0.1717
0.1616
0.1616
0.1616
0.237349
0.318147
0.701944
0.676694
0.661544
0.464596
0.393897
0.348448
0.328248
0.333298
0.333298
0.343398
0.515096
0.848392
0.843342
0.807992
0.732243
0.696893
0.671644
0.656494
0.656494
0.656494
0.661544
0.681744
0.696893
0.717093
0.792843
0.843342
0.893842
0.949391
0.969591
0.979691
0.98979
0.949391
0.823142
0.545395
0.409047
0.282798
0.308048
0.323197
0.343397
0.353497
0.510045
0.510045
0.489846
0.449446
0.424196
0.439346
0.454496
0.474696
0.484796
0.499946
0.530245
0.545395
0.575695
0.585795
0.600945
0.621144
0.631244
0.641344
0.656494
0.671644
0.691844
0.70026
0.708677
0.717093
0.706994
0.722143
0.722143
0.737293
0.742343
0.752443
0.757493
0.762543
0.762543
0.762543
0.762543
0.762543
0.762543
0.762543
0.762543
0.762543
0.762543
0.762543
0.762543
0.767593
0.767593
0.770118
0.772643
0.772643
0.777693
0.780218
0.782743
0.782743
0.782743
0.782743
0.782743
0.782743
0.782743
0.782743
0.782743
0.782743
0.782743
0.782743
0.782743
0.782743
0.782743
0.782743
0.782743
0.782743
0.782743
0.787793
0.787793
0.787793
0.787793
0.787793
0.787793
0.787793
0.787793
0.787793
0.787793
0.787793
0.787793
0.787793
0.787793
0.787793
0.787793
0.787793
0.787793
0.777693
0.775168
0.772643
0.769276
0.76591
0.762543
0.760018
0.757493
0.754968
0.752443
0.751181
0.749918
0.748656
0.747393
0.747393
0.747393
0.747393
0.747393
0.74571
0.744026
0.742343
0.742343
0.742343
0.742343
0.742343
0.742343
0.742343
0.742343
0.742343
0.742343
0.742343
0.742343
0.742343
0.742343
0.742343
0.742343
0.742343
0.742343
0.744026
0.74571
0.747393
0.754968
0.762543
0.767593
0.772643
0.780218
0.787793
0.792843
0.797893
0.802942
0.805467
0.807992
0.810517
0.813042
0.818092
0.820617
0.823142
0.823142
0.823142
0.823142
0.823142
0.823142
0.828192
0.828192
0.823142
0.818092
0.813042
0.807992
0.807992
0.797893
0.797893
0.797893
0.797893
0.797893
0.792843
0.792843
0.792843
0.792843
0.792843
0.792843
0.787793
0.787793
0.782743
0.782743
0.777693
0.772643
0.772643
0.772643
0.772643
0.772643
0.772643
0.772643
0.772643
0.772643
0.772643
0.772643
0.772643
0.772643
0.772643
0.772643
0.772643
0.772643
0.772643
0.772643
0.772643
0.772643
0.772643
0.772643
0.772643
0.772643
0.772643
0.767593
