0.93424
0.94939
0.92919
0.873641
0.797892
0.671643
0.530245
0.479745
0.434296
0.403996
0.378746
0.368646
0.358547
0.348447
0.333297
0.302997
0.282797
0.262598
0.247448
0.237348
0.222198
0.207048
0.196948
0.196948
0.287847
0.318147
0.499945
0.621144
0.641343
0.646393
0.666593
0.494895
0.444396
0.424196
0.409046
0.383796
0.363596
0.348447
0.333297
0.323197
0.308047
0.302997
0.302997
0.302997
0.297947
0.267648
0.252498
0.247448
0.247448
0.247448
0.252498
0.257548
0.262598
0.272698
0.277747
0.292897
0.297947
0.308047
0.323197
0.333297
0.338347
0.353497
0.363596
0.373696
0.383796
0.393896
0.403996
0.419146
0.424196
0.429246
0.434296
0.439346
0.444396
0.454495
0.459545
0.469645
0.484795
0.494895
0.504995
0.57822
0.590845
0.602628
0.614411
0.626194
0.638819
0.651444
0.661544
0.671644
0.681744
0.691844
0.701944
0.717093
0.727193
0.737293
0.737293
0.742343
0.747393
0.747393
0.747393
0.747393
0.747393
0.747393
0.747393
0.747393
0.744868
0.742343
0.737293
0.732243
0.724668
0.717093
0.712043
0.706993
0.701944
0.696894
0.691844
0.686794
0.686794
0.686794
0.684269
0.681744
0.676694
0.674169
0.671644
0.666594
0.666594
0.666594
0.661544
0.661544
0.661544
0.656494
0.656494
0.656494
0.656494
0.656494
0.656494
0.659019
0.661544
0.671644
0.681744
0.689319
0.696894
0.699924
0.702954
0.705984
0.742343
0.747393
0.757493
0.762543
0.772643
0.772643
0.777693
0.777693
0.777693
0.782743
0.782743
0.787793
0.792843
0.797893
0.802942
0.807992
0.813042
0.813042
0.818092
0.828192
0.833242
0.838292
0.838292
0.838292
0.838292
0.838292
0.838292
0.838292
0.838292
0.838292
0.838292
0.838292
0.838292
0.835767
0.833242
0.833242
0.823142
0.813042
0.802942
0.797893
0.797893
0.797893
0.802942
0.813042
0.818092
0.818092
0.818092
0.818092
0.818092
0.818092
0.818092
0.818092
0.818092
0.818092
0.818092
0.813042
0.810517
0.807992
0.802942
0.797893
0.787793
0.777693
0.767593
0.765068
0.762543
0.762543
0.762543
0.762543
0.762543
0.762543
0.762543
0.762543
0.762543
0.762543
0.762543
0.762543
0.762543
0.762543
0.762543
0.762543
0.762543
0.762543
0.762543
0.762543
0.762543
0.762543
0.762543
0.762543
0.762543
0.762543
0.762543
0.767593
0.767593
0.770118
0.772643
0.777693
0.787793
0.792843
0.797893
0.802942
0.813042
0.823142
0.829875
0.836609
0.843342
0.850917
0.858492
0.868592
0.873642
0.878692
0.878692
